0 8.33250008333e-05 0.3845579039573692 2.6723484358374714 667.0 0.0559094125973 0.241286863271 4 
1 0.0182481751825 1098.3831686533085 0.5449729105084775 2.0 0.998596491228 0.0506247412134 1 
0 0.00121654501217 0.32308285748298615 4.937322568889021 115.666666667 0.507452093683 0.0687134502924 6 
0 0.0003499650035 0.3890458565013567 10.805818186489573 660.0 0.0658174097665 0.239847715736 4 
0 0.0018498150185 0.40834474760004824 56.74943904741781 631.5 0.069270449521 0.226721134206 4 
0 0.00133320001333 0.34718184960857107 3.663516207085946 56.875 0.677075940383 0.0508502834278 4 
0 0.00689931006899 0.1591841226851352 32.58569883518274 147.5 0.372340425532 0.100241507004 8 
0 0.000516615005166 0.5101556334436836 10.91957512595961 380.666666667 0.186029935852 0.0 5 
0 0.0029497050295 0.13854265244780167 23.09175932186252 126.142857143 0.370634354954 0.068569433765 7 
0 0.00251641502516 0.138440936262752 19.885543128862068 127.285714286 0.364932287954 0.0712708646119 7 
1 0.247458587475 87.07318065254267 20.814202860156982 0.0 1.0 0.0513767596118 1 
1 0.160433956604 90.54844963231301 13.828377480180858 0.0 1.0 0.0614211988665 1 
1 0.0811085558111 88.79079848835778 7.108839007005575 1.0 0.999296270232 0.0524170462919 1 
1 0.105522781055 273.0955881212619 4.849688127147601 1.0 0.99928212491 0.0769392735396 1 
1 0.120521281205 79.15564086095895 11.018926306441962 1.0 0.999284692418 0.0724371888473 1 
1 0.0494617204946 0.04673899144762168 8.236355866637204 1.5 0.997887323944 0.0744266492958 1 
1 0.0186814651868 26.896405465549464 4.358741728836602 3.0 0.995750708215 0.0839311419632 1 
1 0.00381628503816 249.87361094194682 0.26324587929639587 14.0 0.980113636364 0.0673076923077 1 
1 0.0100489951005 293.9682610181575 0.6177865520742705 1.0 0.998583569405 0.0677253826418 1 
1 0.118733242272 292.92819104751345 5.396501847714191 0.0 1.0 0.0764092047785 1 
0 0.0124618471864 0.5373909385818509 2.007347150006564 1.0 0.999263080324 0.0880038976506 1 
1 0.0549906409673 386.52639116830153 2.3471675843419124 0.0 1.0 0.0581517539161 1 
1 0.23097418256 347.4883693804487 12.071232379800016 0.0 1.0 0.0725569307292 1 
1 0.0114669229861 0.8104270860352492 1.9454552668646303 6.0 0.995578481945 0.0810354971563 1 
1 0.0399993254751 1534.4561671894007 1.2570685300094113 1.0 0.999290276792 0.0731005329076 1 
1 0.0508085867017 180.95535601765755 2.956949500019962 1.0 0.999290780142 0.077499690249 1 
1 0.0793915785569 124.41932333440175 5.325609570322378 0.0 1.0 0.0 1 
1 0.0127822465051 278.35649482230065 0.93216986112832 4.0 0.994297933001 0.0661989661357 1 
1 0.00556483027268 246.5807763574989 0.37817038750060616 3.0 0.995674116799 0.0537830078046 1 
0 0.0216016593312 0.39268986765590685 62.35695313753294 140.6 0.506666666667 0.123543560429 5 
0 0.0121920372338 0.278866489015673 72.39999193399977 75.0 0.57507082153 0.106479517495 6 
0 0.00981433702636 274.7173077695782 0.8739668196472601 13.0 0.962936564505 0.0625186203736 1 
0 0.00010117873223 0.39442986580989886 3.1937360489121653 655.0 0.0561959654179 0.207589285714 4 
0 0.00042157805096 0.40208390102075287 11.55942184115396 400.333333333 0.149433427762 0.115610015983 5 
1 0.0118041854269 483.97299954380026 0.7228810869716324 1.5 0.997861724875 0.0641384430864 1 
0 0.00064079863746 0.7337297408698435 11.309202033055243 286.75 0.181883024251 0.111267111267 5 
1 0.111381245598 3.8343830735238686 159.08759028498537 0.0 1.0 0.0820052840806 1 
1 0.012633205335 156.31234714261274 1.1590675835969027 1.0 0.99929676512 0.0480941018477 1 
1 0.00974756310922 1.8206395737509462 25.21131229283081 1.5 0.997875354108 0.119525689243 1 
1 0.00685056008725 4774.177338569276 0.14348663106010218 3.0 0.997838616715 0.0492976470067 1 
0 0.000136329553975 0.6931082358777069 3.3064202502802376 399.666666667 0.151450813871 0.167657345775 5 
1 0.115153029924 293.82319113536346 10.600382449920318 1.0 0.999286733238 0.0755071602184 1 
1 0.14081706846 98.43736344824418 20.903964032004026 0.0 1.0 0.0745323307624 1 
1 0.0634500465793 300.0338689908981 3.920846524193534 0.0 1.0 0.0780880716949 1 
0 2.27215923292e-05 0.8569645129547676 0.5137918106861316 410.333333333 0.1027696793 0.197002684655 5 
0 0.0234827656722 0.14918379935518766 107.40981428721352 73.1428571429 0.631919482387 0.0 4 
0 0.0683579105224 315.5740914848278 10.500228192519845 45.0 0.935897435897 0.0800858997065 3 
1 0.00555542932449 0.41332738985102047 1.7333342758384305 4.0 0.99433427762 0.108064648006 1 
1 0.00780486696508 272.24564469368465 0.5777718273866168 1.5 0.997875354108 0.0357981790297 1 
1 0.00798663970371 0.1674284056421707 2.0815406446151012 2.5 0.996436208125 0.0896091334939 1 
0 0.000772534139192 0.4063378160827671 33.040385226624466 400.666666667 0.123267687819 0.225490196078 5 
0 0.000602122196724 0.4061078298059533 25.809049534478454 401.0 0.122538293217 0.225327291037 5 
0 0.000681647769876 0.4048819992908415 29.631430415668966 401.0 0.123177842566 0.226028921023 5 
0 0.00193133534798 0.6647871481571945 7.2008570511772305 149.833333333 0.350902527076 0.14397595127 7 
0 0.0518847560837 60.75665488779691 23.180764309715727 24.5 0.930199430199 0.112495607752 2 
1 0.0058866447783 223.29841705894387 0.4200046369682364 0.0 1.0 0.0819530516432 1 
1 0.0044771664511 21.773663359691632 1.2653147842469092 6.0 0.991335740072 0.0612748728583 1 
0 0.000149238881703 0.46861363245168364 3.4204718519537627 424.333333333 0.10729312763 0.166666666667 5 
0 0.0279076708785 0.3571340989699898 75.15791002406077 28.1428571429 0.860678925035 0.138579244351 1 
0 0.00659967499088 0.2742338613087896 61.12822082193702 143.0 0.388453314326 0.172462406015 7 
1 0.0601930156203 270.1104531918693 2.7142318543784434 0.0 1.0 0.048088330903 1 
1 0.111033727987 5.702169480298505 75.14838431844092 0.0 1.0 0.0 1 
1 0.121497031804 54.151008132937534 21.165249470310435 0.0 1.0 0.0652487225401 1 
0 0.0060856299539 0.1521053869797318 11.884426708160099 132.166666667 0.430725053841 0.149638089696 8 
1 0.0174775312573 0.3777729383700328 7.073283545094964 5.0 0.992711370262 0.0552667197956 1 
1 0.0148409776805 0.5004201199388314 6.893145791394657 1.5 0.997833935018 0.0421396013942 1 
1 0.0157198288727 0.27809024289710177 6.99861509289928 3.0 0.997811816193 0.054799336277 1 
1 0.0163665306935 110.12646486153227 1.4240669156943824 2.0 0.99708242159 0.0700476891693 1 
0 0.0013099857394 0.6821482451876644 20.970364000446196 204.4 0.259956553222 0.0383187035787 7 
1 0.0424999170895 1824.7685762307487 1.9854728658972665 4.0 0.994301994302 0.0874566254468 1 
0 0.0118396179485 0.6944233595168963 37.12354328244448 64.375 0.635785007072 0.14803393885 6 
0 0.0318873743906 0.6064884437469089 108.31827286353447 58.6666666667 0.751412429379 0.145973398688 5 
0 0.0623321062581 0.7165487118406668 163.78075106785292 41.6 0.853003533569 0.108987457535 2 
0 0.0406758863131 54.991532515190215 12.155843596814549 5.66666666667 0.987891737892 0.0921525260704 1 
0 3.31641959341e-05 0.3693678951921159 1.1022250981884398 674.5 0.0526685393258 0.213793103448 4 
0 0.0059218659497 0.1402933002064128 78.27381850589515 181.8 0.357597173145 0.154729466719 5 
0 0.00519568092813 0.43307009645778605 68.7279101998119 142.5 0.394904458599 0.181937376386 6 
0 0.00593915606926 0.7535053657305875 141.87183667187045 147.0 0.375796178344 0.175860259972 8 
1 0.0190104864575 2.7794756246131986 43.55233803526248 1.5 0.997878359264 0.0876715319172 1 
1 0.00491039395537 0.8833383585233432 1.7333345011004846 7.5 0.989308624376 0.0699372959771 1 
1 0.0439860641636 166.05246217807996 5.177286379997444 0.0 1.0 0.0523460737169 1 
1 0.0101147199433 0.11616675771817492 7.543254117145349 1.0 0.999292786421 0.0970513171087 1 
1 0.0307677677591 470.89103279314736 2.7769531558902507 2.0 0.997150997151 0.0812059314985 1 
1 0.0424385984629 115.17360598882908 6.855179162579979 1.0 0.999293785311 0.0793365850479 1 
1 0.116180958391 177.47326802324358 12.952281998311456 0.0 1.0 0.0743572345462 1 
1 0.120088525412 145.0319835800736 14.668743955435929 0.0 1.0 0.0637470389723 1 
0 0.000786700440034 0.3912402325389306 47.18212914372424 413.333333333 0.115549215407 0.130873956961 5 
1 0.0819897469591 256.2499212679745 11.442848681894937 0.0 1.0 0.0760807216246 1 
0 0.0128552038937 0.33376562301679 163.71398315919936 66.0 0.673728813559 0.131677386367 5 
0 0.00604289678663 0.4495805228137293 38.95314808576198 98.0 0.513129879347 0.147608313594 7 
0 0.00248113215703 0.27164636758511235 44.69682356288564 153.166666667 0.349150141643 0.129644721829 6 
0 0.0144545399531 0.5993006929336504 65.88607811758982 50.1666666667 0.784846318799 0.0773284225799 5 
0 0.000198836374954 0.39698196439621347 12.196929427987229 652.0 0.0578034682081 0.192687173535 4 
1 0.00349260415136 2.4426457924318843 8.773411233976933 1.0 0.999297752809 0.098171255034 1 
1 0.0104628681906 1.2517067820359717 54.724288188844184 6.0 0.995753715499 0.108724457051 1 
1 0.003273707982 1.1057010164862742 19.37532167507435 7.5 0.989384288747 0.0845517697651 1 
1 0.0411203717243 343.27381725821283 4.584955194656587 0.0 1.0 0.0761541784315 1 
1 0.0207388994492 89.77169567797122 4.685129808531508 1.5 0.997875354108 0.0785352071485 1 
1 0.00644993582558 0.9005219224885479 48.39055188452339 7.5 0.989161849711 0.142256317082 1 
1 0.0106659518123 0.46477208824149274 7.205330677852743 2.0 0.997111913357 0.0915098361654 1 
1 0.113856801677 86.80247453273952 20.441426023226555 0.0 1.0 0.0721565240057 1 
1 0.106212734155 267.2359316696187 13.655026546624086 0.0 1.0 0.0711694128156 1 
1 0.0798849734367 1573.5121381454255 4.128462893277176 1.0 0.999285203717 0.0731026460392 1 
1 0.00926061315007 0.7543897309315992 62.369432443131686 4.5 0.993644067797 0.09003042359 1 
0 0.0226397621485 0.3084184435775508 141.24963131226977 67.0 0.623066104079 0.159823782346 6 
0 0.00665301944729 0.32138656933498233 54.4012898380623 134.166666667 0.420863309353 0.184152286267 7 
0 0.00723790027782 0.7487618913092392 187.4585232297783 99.5714285714 0.482553823311 0.099797871519 7 
0 0.00913063963217 0.782478649010601 48.71374046917754 62.0 0.780763790665 0.139120532378 3 
0 0.00923624311547 0.5645010010493074 71.96752939878024 35.1428571429 0.826025459689 0.11298009259 4 
0 0.00541014768241 0.18334006090145644 64.03921843553056 84.1428571429 0.582861189802 0.137018941973 4 
0 0.011860083508 0.7274770950974117 303.4743586818888 131.666666667 0.453287197232 0.15204015396 7 
0 0.00740849052006 0.32835918520328916 65.93449902744683 82.5 0.649929278642 0.10340390689 5 
0 0.000560510795925 0.45870611817543583 24.49963343147612 162.333333333 0.312632321807 0.115922857937 7 
0 0.037996894606 675.4628417725618 6.83322267118605 4.0 0.996939556236 0.0699453697122 1 
0 0.00208919802568 0.34345614180728423 19.47471503941888 152.4 0.450612833453 0.116938084489 5 
0 0.0130653773811 0.6030074735162314 76.6062393770381 38.7142857143 0.809691011236 0.0952301190538 5 
1 0.00266988146484 0.6497623436927005 31.236249089007828 18.3333333333 0.961294862773 0.061645130791 1 
0 0.000460759685421 0.33249096796730615 8.111591160840806 141.0 0.38916967509 0.15146496659 5 
0 0.0400860926316 281.5870893197082 13.04084636994196 33.0 0.953323903819 0.08569581136 1 
1 0.0960084325334 94.43986775288516 21.850424026689808 0.0 1.0 0.067883726067 1 
1 0.0790865597031 171.9837297904253 12.334101284896123 0.0 1.0 0.079543943094 1 
1 0.0778115808475 155.34025603461197 13.225261760900306 0.0 1.0 0.0779252661496 1 
1 0.0398146862416 92.3024534194603 12.974089987699426 1.0 0.999292786421 0.0671383096103 1 
1 0.0370690634586 12.434978127239972 46.24400036576438 0.0 1.0 0.0765105729893 1 
1 0.00856508072762 3.9237141245084857 20.91717185228695 3.0 0.995750708215 0.0913699101135 1 
1 0.00650744158451 55.69405624490902 2.579268385916325 1.0 0.999307958478 0.0856511113697 1 
1 0.00828105078455 4.969622814774322 16.124855349815476 1.0 0.999292786421 0.097375346753 1 
1 0.00393223676736 3.2388599921877077 10.995450187548908 5.0 0.99294283698 0.101112537441 1 
0 0.000397641920295 0.6255272428123928 18.375718703051035 394.666666667 0.139534883721 0.174696180556 5 
0 0.0576643902193 233.12040270519094 19.19548167370992 30.25 0.913694721826 0.0920695472482 2 
0 0.0217630054155 0.5516575605851857 282.6002679989341 32.8571428571 0.838255977496 0.0952841315571 2 
0 0.0246664226113 8.417018166200037 53.78438146194969 28.0 0.901547116737 0.0933354255715 3 
0 0.0335470921646 0.5473130838509197 357.2417555941771 22.0 0.952823445318 0.100648259183 1 
0 0.0671671018277 1183.832920945928 6.110041707867566 16.0 0.988748241913 0.0911847127156 1 
0 0.00511003356956 0.5276274240063252 34.40264102432987 63.25 0.636494252874 0.0 5 
0 0.0165143603133 254.15913909060168 4.111394021652124 43.4 0.847183098592 0.0855645574195 3 
0 0.00233121969414 0.34193143057414876 21.914818649667865 54.8571428571 0.724731182796 0.127153448184 5 
1 0.0562383439015 272.6415620834142 10.615537125869857 37.0 0.973833097595 0.0870220905292 1 
1 0.0199738903394 2.0254717817398404 57.0417293557593 0.0 1.0 0.0848857415124 1 
1 0.0665982842223 410.1655416595356 5.806282261636802 1.0 0.999277978339 0.0778890953399 1 
1 0.0304364043267 304.0411717030816 2.8788675211538317 0.0 1.0 0.0640530725458 1 
1 0.0297836628124 182.64419488042608 3.224026232304424 0.0 1.0 0.0590614447723 1 
1 0.0955893323387 906.7546263589409 6.4272792324426025 0.0 1.0 0.0726453094781 1 
1 0.0830660201417 793.1175127962636 5.87443621882813 0.0 1.0 0.0643270740326 1 
0 0.0442745244312 112200.41982847302 0.4866539366801903 21.0 0.955665024631 0.090693605417 1 
0 0.000699365908243 0.2636176696117758 14.00494573955434 122.0 0.372058823529 0.0825196398568 8 
0 0.00369265199552 74.51460565293046 0.8632818442664058 2.0 0.998546511628 0.0478662441853 1 
0 0.00980977247296 0.28972399982068076 76.45279817228356 92.6666666667 0.609550561798 0.128210977202 3 
0 0.0139779932861 0.7948235647734374 251.07936419319657 141.0 0.491708723864 0.112097807517 7 
0 6.5274151436e-05 0.43458309276308577 2.8295285950423326 411.333333333 0.126680820948 0.186403587154 5 
1 0.0314341663558 0.7545151692338281 236.6436376891055 1.0 0.999297752809 0.102419862095 1 
1 0.00793547183887 74169.09826026365 0.058558987055105594 1.5 0.997860199715 0.0854206807964 1 
0 0.0131218932199 0.5343154081209849 69.63720120241238 105.333333333 0.556802244039 0.0952069003166 5 
0 0.0100849485009 0.17284522732187652 101.80827054670051 68.7142857143 0.663400979706 0.146455559554 5 
0 0.046284756543 0.7700911373389792 305.3598057165607 41.25 0.880434782609 0.0835448942608 2 
0 0.00229919635567 0.07011905699053217 25.356797933743024 136.833333333 0.42101551481 0.0713121264056 5 
0 0.0146475281849 0.5335631310655087 138.3455355769231 37.6666666667 0.83891660727 0.109946311965 2 
0 0.00347386365264 0.5345671118775568 17.881609082933277 79.4285714286 0.608174770965 0.0997158071904 6 
0 0.0108871603134 0.3923834895803759 82.83081049543165 36.0 0.873328641802 0.148057459505 4 
0 0.00445514060195 0.6400902495094619 23.90913577096061 66.4285714286 0.666427546628 0.103967930717 5 
1 0.0211440113456 0.729240898980164 175.00470179365317 12.5 0.982078853047 0.164519903678 1 
1 0.0115461200166 0.8494672066178348 97.4832876643863 6.0 0.995780590717 0.127788811652 1 
0 0.00974830604381 0.7706844949092595 56.71995534428919 56.0 0.841584158416 0.150703103045 4 
1 0.00931854971564 0.27517441388541186 2.1296199981418833 1.5 0.997888810697 0.13942923943 1 
1 0.0905711461601 418.6728741001576 10.870162594504933 1.0 0.999264705882 0.0600232184676 1 
1 0.0324680905926 0.8484592521451731 338.1809431371405 28.25 0.88179916318 0.0757962607806 3 
0 0.0122122423253 1990.408521834429 1.5342706289910502 45.3333333333 0.808720112518 0.0886857089225 2 
1 0.0724354291117 41.22541275107369 25.164385981838038 0.0 1.0 0.0284021094265 1 
1 0.0113598922744 38.45367757211325 5.047331017525057 0.0 1.0 0.0 1 
1 0.0106221439111 0.1962626075184518 2.249322457537553 0.0 1.0 0.0827169159333 1 
1 0.0252052086467 616.1664281689884 3.0009279887277023 1.0 0.999295774648 0.0568266213984 1 
1 0.0169968627788 277.2388446976064 2.8701695986158384 1.0 0.999279019466 0.0648661100561 1 
0 0.00105117973165 0.4144464085592824 71.11586339295394 392.0 0.149059334298 0.220455704812 5 
0 0.00739843059536 0.659071690956634 178.0827317282599 88.2 0.689655172414 0.0995223506139 5 
1 0.00927984145264 1.2071419621765491 62.221200332501965 3.0 0.997826086957 0.114329577383 1 
0 0.0384785345082 0.6276855854547199 230.97783536608307 33.5714285714 0.832740213523 0.106889029943 2 
0 0.00183454297116 0.5771522447016196 82.26778167360568 268.25 0.232474964235 0.165480328665 6 
0 0.0144420043386 0.44151344172810003 128.53104639972662 40.1428571429 0.802945301543 0.112878140392 2 
1 0.0163301106082 1.337399171736826 96.52176312296191 8.0 0.994370161858 0.13928538212 1 
1 0.0202804038673 0.9595906622559495 170.10514392726526 1.0 0.999287241625 0.114321834929 1 
0 0.00828222501942 0.2544447438260389 94.66567632416192 77.3333333333 0.674157303371 0.0960626185958 4 
0 0.00793406357964 0.49972603710114555 58.39702050125517 90.1428571429 0.55406360424 0.175877188039 5 
0 0.000689627467259 0.4007196370550651 48.677413247949616 273.0 0.212121212121 0.122565567385 5 
0 0.000749886177991 0.43509880023339687 44.3015912767837 199.0 0.283657307415 0.0413144421955 6 
1 0.0990720158547 90.94344185610609 20.826716199475946 0.0 1.0 0.0642631039731 1 
0 0.0129087549211 0.4258528599510262 115.78179487398927 68.0 0.665730337079 0.105353855523 5 
1 0.028502370176 420.25899180449676 3.982796139690218 0.0 1.0 0.0678986060841 1 
1 0.092503816385 0.017563065596143436 3.5812912922518167 0.0 1.0 0.0339849159666 1 
1 0.0106189239133 1514.9327665476662 0.8903015389280533 1.33333333333 0.997179125529 0.036478738251 1 
1 0.017937009561 496.2146527452128 2.019317309562635 1.0 0.999295278365 0.0592779528225 1 
1 0.016303328959 1.5450959258849186 83.781129259314 3.0 0.997878359264 0.131152214194 1 
1 0.013899675942 2.4819922391729405 44.38510433086622 2.0 0.998600419874 0.0889472805068 1 
0 0.00181516078136 0.39640596203742223 110.2520950038342 71.875 0.595355383533 0.177228897025 5 
0 0.0249375165808 0.15916379774548856 134.4378245836885 76.1666666667 0.672401433692 0.160670091033 4 
0 0.00302992222734 0.620074916014401 118.58751157577089 252.25 0.280826799715 0.218955357418 6 
0 0.0103952861671 0.36482822921751623 81.66445621688075 43.6 0.837555886736 0.125800930199 4 
0 0.0175232829277 0.557195906572108 202.90472683143435 19.25 0.945774647887 0.119382373094 2 
0 0.0590555578827 1726.4984742793113 7.34814130022862 18.0 0.933823529412 0.085021685425 1 
0 0.00173836551753 0.8283401987356178 13.87961806677998 14.3333333333 0.939606741573 0.0898773323338 3 
1 0.00136137058602 286.9836571344192 0.24990339082028395 11.5 0.983848314607 0.0569728472745 1 
1 0.0139837194041 0.8818665081548749 118.06957969796937 7.5 0.989399293286 0.109407252534 1 
0 0.00624136053282 0.3192237892433345 55.63564456175087 105.0 0.486731843575 0.189122649955 6 
1 0.00198271408425 303.6413141556976 0.3102476712166413 3.5 0.995073891626 0.0529431108188 1 
0 0.00220611848811 0.9100327478726653 15.442540321873544 38.4 0.864883884588 0.0944281414484 2 
0 0.00191290020805 0.28713097616613903 24.579391632562814 45.0 0.809992962702 0.0949531823122 5 
1 0.0348580683897 0.8635355550021518 295.97426886888246 18.5 0.973665480427 0.0911292368073 1 
1 0.0416579399321 309.4824892689247 4.544561234672681 0.0 1.0 0.0860130000425 1 
1 0.102968486016 176.67534172505026 13.726180143116228 0.0 1.0 0.0647887680426 1 
1 0.00930618969826 0.2205188999701857 7.4932568281862455 1.33333333333 0.997113997114 0.0883329665713 1 
1 0.0023038579148 3.0320266489229333 6.122373551216022 3.5 0.995091164095 0.100796506691 1 
1 0.0252167720856 352.19852060604205 2.63914164694467 0.0 1.0 0.0649023198122 1 
1 0.00693251790726 499.6971566973534 0.6997475001974744 1.5 0.997854077253 0.0821616104643 1 
